start_cluster_id,0,1,2,3,4,5,6,7,8,9,10,11,12,13,14,15,16,17,18,19,20,21,22,23,24,25,26,27,28,29,30,31,32,33,34,35,36,37,38,39,40,41,42,43,44,45,46,47,48,49,50,51,52,53,54,55,56,57,58,59,60,61,62,63,64,65,66,67,68,69,70,71,72,73,74,75,76,77,78,79,80,81,82,83,84,85,86,87,88,89,90,91,92,93,94,95,96,97,98,99,100,101,102,103,104,105,106,107,108,109,110,111,112,113,114,115,116,117,118,119,120,121,122,123,124,125,126,127,128,129
0,0.0,37.855973999999996,36.377389,41.81530899999998,52.917739,28.442920999999995,15.754856000000007,150.27925700000006,16.598247000000004,28.932166000000002,58.83736,13.354339000000003,53.455421,17.954900000000002,20.963489000000003,19.444677000000002,58.49611,30.850738000000003,9.779412000000002,14.397122999999999,25.752054,165.166706,69.18241200000001,60.17110700000001,36.26400699999999,22.585006000000003,11.76971,42.370261,51.662407,21.707513000000002,49.618607,7.221165000000001,22.814038,39.283297999999995,150.27925700000006,17.669522000000004,29.465786999999995,28.258416999999998,32.676277,34.016150999999994,11.186215999999996,49.59727899999997,49.49173999999999,6.850248999999999,30.086469999999995,24.895885000000014,24.106822000000005,18.540605,39.20834600000002,47.91057699999999,18.900568000000003,36.978565,50.02787999999999,10.732612000000001,54.66569999999999,162.842102,9.132539000000003,49.312580999999994,16.189885,7.772089000000002,20.20685900000001,12.955967000000003,31.677348,32.37292100000002,47.17467899999999,25.299489,46.56435799999999,12.308070999999996,32.897476000000005,29.431911999999993,54.52889199999999,25.44968,13.825641000000006,17.433220999999996,40.43346799999999,26.795289999999994,41.388262999999995,39.20834600000002,16.826081000000002,15.866298000000002,9.401601999999997,36.610345,20.920157000000003,162.842102,4.7920120000000015,56.411938,12.036176000000008,17.459317000000002,14.736195,36.952974999999995,19.204539999999998,33.932953999999995,26.079374999999988,20.204628,26.194548000000008,7.333265000000001,12.133493,150.27925700000006,61.67119,13.820593999999996,28.190303000000007,150.27925700000006,37.29094600000002,56.055473,14.944383000000007,51.25951599999999,6.190908000000001,13.549257,19.428584999999998,53.180388,35.141515,32.307772,23.299447999999998,55.931999000000005,60.966667,23.52258,36.13386199999999,46.667969,61.524386000000014,26.57318599999999,16.943775000000002,8.344649,54.56987099999999,28.52449400000001,54.221504,32.71719199999999,21.711502,150.27925700000006,19.832376999999997,22.779572
1,37.855973999999996,0.0,70.84045099999999,26.268708,37.371137999999995,62.90598300000003,44.16691000000001,158.62755200000007,21.965893,63.39522800000001,43.290759,47.817401000000004,37.90882,49.94783199999998,37.95181100000001,53.90773899999999,92.95917200000002,15.304136999999999,42.121617999999984,48.860184999999994,60.21511599999999,173.51500099999998,53.635811000000004,44.62450599999999,70.72706899999999,57.048068,39.668033000000044,26.82366,36.115806,26.04385000000001,84.08166899999999,41.684227000000014,57.27710000000001,23.736697,158.62755200000007,22.70047900000001,37.814082,62.721478999999995,67.13933899999999,18.469549999999998,45.64927799999999,34.050678,13.670650999999998,37.133997,8.585825999999999,53.307939000000005,58.56988400000001,46.95265900000001,73.67140799999996,32.36397600000001,53.36362999999999,21.431964,34.48127899999999,39.14466600000001,39.11909899999999,171.190397,43.79572300000001,33.76598,50.652947000000005,30.698970000000006,48.61891300000001,47.419029,66.14041,66.835983,81.63774099999999,59.762551000000016,31.017756999999996,46.771133000000006,67.360538,9.785824,38.98229099999999,33.34244300000002,42.23769500000001,39.03451700000001,74.89653,61.25835200000003,5.567173999999999,73.67140799999996,51.28914300000001,50.329359999999994,39.685350000000014,71.07340699999997,19.441969000000004,171.190397,34.96251,40.865337000000004,28.488851999999998,45.871370999999975,47.19472199999996,21.406374,47.61659400000001,42.281248999999995,15.481713,17.741077,60.65760999999999,35.603926,46.596555,158.62755200000007,46.12458900000001,44.37872300000001,62.653365,158.62755200000007,71.75400799999996,40.508871999999975,27.205291000000003,35.71291499999999,40.85409200000001,41.961311,53.89164700000002,87.64345000000002,69.604577,66.770834,51.711502,40.385398,45.420066,57.98564199999999,5.939412,31.121367999999993,45.97778499999999,34.569867000000016,45.35582899999999,42.807711000000005,39.02326999999999,56.936547999999995,38.674903,8.928755,56.17456400000001,158.62755200000007,54.29543900000001,51.19162600000001
2,36.377389,70.84045099999999,0.0,75.9759610000001,87.0783910000001,31.595443000000003,50.21230000000003,184.7715910000001,50.75889900000003,54.24732700000001,92.99801200000009,38.669500000000006,87.61607300000009,47.734819000000016,55.45582300000006,28.44037900000001,66.28979900000003,65.01139000000008,39.55933100000001,28.63057600000001,30.57055499999999,199.65904,103.3430640000001,94.33175900000008,44.05769600000001,14.458688000000004,46.26204400000003,76.5309130000001,85.82305900000009,55.86816500000003,57.41229600000001,33.84610900000002,48.129199000000014,73.44395000000007,184.7715910000001,51.83017400000005,63.95812100000006,36.05210600000001,14.023800999999997,68.1768030000001,33.816019000000004,83.75793100000008,83.65239200000008,40.50343200000002,64.24712200000008,59.353329000000016,49.421983000000004,49.983791000000025,11.140455,82.0712290000001,26.694257000000015,71.13921700000009,84.18853200000008,45.19005600000002,88.82635200000009,197.334436,35.512728,83.47323300000009,41.50504600000001,41.93274100000001,54.66430300000003,26.457054000000007,56.99250900000002,7.091411000000001,54.968368000000005,50.61465000000002,80.72501000000008,37.62323200000001,14.245000000000001,63.59256400000008,88.68954400000008,59.942014000000086,48.28308500000002,51.92555500000005,48.227157000000005,29.947812000000003,75.54891500000008,11.140455,42.14124200000001,23.98255600000001,39.74870600000001,4.063534000000001,55.080809000000016,197.334436,39.249456000000016,90.57259000000008,46.19682800000003,47.725514,44.516114,71.11362700000008,50.64772600000003,68.42528800000005,60.24002700000006,54.365280000000034,13.494888999999999,41.82559900000001,37.448654000000005,184.7715910000001,95.83184200000007,43.60051300000001,9.537827,184.7715910000001,9.223055,90.2161250000001,49.10503500000003,85.42016800000007,34.423513000000014,45.49186099999999,44.74374600000002,60.974077000000015,60.45667600000002,40.10146100000001,54.74263400000001,90.0926510000001,95.12731900000009,31.316269000000016,70.29451400000006,80.82862100000006,95.68503800000009,61.06552000000008,51.401219000000005,30.067527000000005,88.73052300000009,62.98193800000001,88.3821560000001,66.87784400000007,47.02666300000001,184.7715910000001,22.984899000000006,54.22275800000001
3,41.81530899999998,26.268708,75.9759610000001,0.0,28.254377,67.04194400000003,48.302871000000025,162.76351300000002,26.10185400000001,67.53118900000003,27.935506999999998,51.95336200000002,29.343161,54.08379299999999,42.08777200000004,58.04370000000001,97.09513300000005,13.364266000000002,46.257579,52.99614600000002,64.351077,177.65096199999994,45.070152,35.507745,74.86303000000001,61.18402900000002,43.80399400000006,18.258001,20.760553999999996,30.17981100000001,88.21763000000001,45.82018800000003,61.413061000000035,14.619936000000004,162.76351300000002,26.83644000000002,41.950043000000015,66.85744000000003,71.27530000000002,7.858834000000001,49.78523900000002,7.781970000000001,37.703463000000006,41.269958000000024,18.298193000000012,57.44390000000001,62.70584500000003,51.08862000000003,77.80736899999997,17.218944999999998,57.49959100000001,12.866305000000002,25.364518000000004,43.28062700000002,23.974068000000006,175.32635799999994,47.93168400000004,25.200321000000002,54.78890800000003,34.83493100000002,52.75487400000002,51.55499000000002,70.27637100000003,70.97194400000002,85.77370200000001,63.89851200000004,15.662505,50.90709400000003,71.49649900000003,17.64363500000001,29.865530000000003,37.47840400000001,46.37365600000002,43.17047800000001,79.03249100000002,65.39431300000004,29.59998600000001,77.80736899999997,55.42510400000003,54.46532100000001,43.82131100000003,75.20936799999998,23.57793000000001,175.32635799999994,39.09847100000002,25.510085,32.62481300000001,50.00733199999999,51.33068299999999,6.525714,51.75255500000002,46.417210000000004,19.617674,21.877038000000013,64.79357100000001,39.73988700000001,50.73251600000002,162.76351300000002,30.769336999999997,48.51468400000002,66.78932600000002,162.76351300000002,75.88996899999997,31.392110999999993,31.34125200000001,26.596154,44.99005300000003,46.09727200000001,58.027608000000036,91.77941100000004,73.74053800000003,70.90679500000002,55.84746300000001,31.819739,36.854407,62.12160300000001,24.34558500000001,22.004607000000004,36.86102400000001,38.70582800000004,49.49179,46.94367200000002,29.906509000000003,61.072509000000004,23.31965099999999,20.928915000000007,60.31052500000004,162.76351300000002,58.431400000000025,55.327587000000015
4,52.917739,37.371137999999995,87.0783910000001,28.254377,0.0,78.12856899999998,59.389495999999994,173.8501380000001,37.188479,78.617814,36.38849100000001,63.039986999999996,48.057094000000006,65.17041799999996,53.174397000000035,69.130325,108.18175800000002,24.450891000000002,57.34420399999997,64.08277099999998,75.437702,188.73758700000002,63.784085000000005,9.937408000000001,85.94965499999998,72.27065399999995,54.89061900000003,36.971934000000005,42.49559900000001,41.26643600000001,99.30425499999998,56.906813,72.499686,14.278924000000002,173.8501380000001,37.923064999999994,53.03666800000001,77.94406500000001,82.36192499999997,20.465195000000005,60.87186399999999,36.046323,48.790088,52.35658299999999,29.384818,68.53052499999997,73.79247000000001,62.175245,88.89399399999992,39.282032,68.58621599999995,31.580238,3.952826000000001,54.367251999999986,46.037155,186.41298300000003,59.01830900000001,43.91425399999999,65.87553299999999,45.92155599999999,63.841499,62.64161499999999,81.362996,82.05856899999998,96.86032699999998,74.98513700000001,37.39755,61.993719,82.58312399999998,28.730259999999998,6.148606,48.56502900000003,57.46028099999999,54.257103000000036,90.11911599999999,76.480938,40.686611,88.89399399999992,66.511729,65.55194599999999,54.907936,86.29599299999994,34.66455500000001,186.41298300000003,50.18509599999999,38.97563200000001,43.711437999999994,61.09395699999996,62.41730799999996,27.786167000000003,62.83917999999999,57.50383500000001,30.704298999999995,32.963663000000004,75.88019599999996,50.82651199999998,61.81914099999999,173.8501380000001,31.435914000000004,59.601308999999986,77.87595099999997,173.8501380000001,86.97659399999992,7.613436000000001,42.427877,4.92748,56.076678,57.18389699999998,69.11423299999998,102.86603600000001,84.827163,81.99341999999999,66.93408799999999,50.533672,55.568340000000006,73.20822799999998,35.43221,6.871143000000001,12.354585,49.79245300000004,60.57841499999997,58.03029699999999,3.9718129999999996,72.159134,45.054696000000014,32.015539999999994,71.39715000000001,173.8501380000001,69.51802499999998,66.41421199999996
5,28.442920999999995,62.90598300000003,31.595443000000003,67.04194400000003,78.12856899999998,0.0,42.274297,176.8335880000001,42.820896,46.309324,85.06000900000005,30.731496999999997,79.67807000000002,39.796816,47.517820000000036,20.502375999999998,47.45704800000001,57.073387000000054,31.621327999999988,20.69257299999999,8.599255999999999,191.72103700000005,95.40506100000003,86.39375600000008,25.224945,17.799524999999996,38.32404100000001,68.59291000000003,77.88505600000003,47.930162,38.579545,25.908105999999997,40.191196,65.50594700000008,176.8335880000001,43.892171000000026,56.02011800000004,17.219355,27.890795999999987,60.23880000000007,25.878015999999995,75.81992800000006,75.71438900000004,32.56542899999999,56.309119000000045,51.41532599999999,41.48397999999999,42.04578800000001,34.422864999999994,74.13322600000005,16.039042000000002,63.20121400000004,76.25052900000009,37.25205299999999,80.88834900000003,189.39643300000006,27.574724999999997,75.53523000000003,33.567042999999984,33.994737999999984,46.7263,18.519050999999994,49.054506,27.587440000000008,36.135616999999996,42.676646999999996,72.78700700000005,29.685228999999993,28.111994999999993,55.65456100000005,80.75154100000009,52.004011000000055,40.345082,43.98755200000002,29.394406,5.990129,67.61091200000004,34.422864999999994,34.203238999999996,16.044552999999997,31.81070299999999,31.824864000000005,47.14280599999999,189.39643300000006,31.311452999999986,82.63458700000002,38.258825,39.787510999999974,36.578110999999986,63.175624000000056,42.709723000000004,60.487285000000035,52.30202400000003,46.42727700000001,21.409067,33.88759599999999,29.510650999999996,176.8335880000001,87.89383900000003,35.662509999999976,23.404821999999992,176.8335880000001,32.505465,82.27812200000011,41.167032000000006,77.48216500000008,26.48550999999999,37.55385799999997,36.80574299999999,42.14132600000001,52.518673,21.268710000000002,46.80463099999999,82.15464800000004,87.18931600000002,12.860672999999998,62.35651100000004,72.89061800000006,87.7470350000001,53.127517000000054,43.46321599999998,22.12952399999999,80.7925200000001,55.04393499999998,80.44415300000004,58.93984100000005,39.08866,176.8335880000001,10.571819999999995,46.284755000000004
6,15.754856000000007,44.16691000000001,50.21230000000003,48.302871000000025,59.389495999999994,42.274297,0.0,144.44010400000005,23.683002000000002,43.030883,65.92211499999999,27.45305600000001,60.540175999999995,13.934920000000004,15.124335999999998,33.543394000000006,72.59482700000002,37.935493,11.511807999999995,28.495840000000005,39.850771,159.327553,76.267167,67.25586200000002,50.362724,36.683723000000015,8.889552999999998,49.455015999999986,58.747162,24.986789999999992,63.717324000000005,21.31988200000001,36.912755000000004,46.368053000000025,144.44010400000005,24.754277,23.626633999999996,42.357134,46.77499400000001,41.100906000000016,25.284933000000006,56.68203400000001,56.57649499999999,14.867607,37.17122499999999,9.501357000000002,38.205538999999995,7.457373000000003,53.30706300000003,54.99533199999998,32.999285,44.06331999999999,57.11263500000002,6.642795000000002,61.75045499999998,157.002949,23.431378,56.39733599999998,30.288602000000004,14.435219,4.8123309999999995,27.054684,45.77606500000001,46.471638,61.273396,39.39820600000001,53.649113,26.406788000000013,46.996193,36.516667,61.61364700000002,19.610526999999994,4.501596,11.594067999999998,54.532185000000005,40.89400700000003,48.47301799999999,53.30706300000003,30.924798000000006,29.965015000000008,13.486195000000004,50.709062,28.004912,157.002949,12.222888000000005,63.49669300000001,19.120930999999995,9.858459000000005,12.329785,44.03773,7.326717000000001,28.093800999999992,33.164129999999986,27.28938299999999,40.293265000000005,9.774704,26.232210000000013,144.44010400000005,68.755945,8.887106000000001,42.28902000000001,144.44010400000005,51.38966300000003,63.14022800000002,22.029138,58.34427100000001,20.489747,5.948399000000002,33.52730200000001,67.27910500000002,49.24023200000001,46.40648900000001,10.963856000000002,63.01675399999999,68.05142199999999,37.621297000000006,43.21861699999999,53.75272400000002,68.60914100000004,20.734032999999986,8.138799,22.443366,61.65462600000002,13.129966000000003,61.306259000000004,39.801947,35.810219000000004,144.44010400000005,33.931094,11.278776000000002
7,150.27925700000006,158.62755200000007,184.7715910000001,162.76351300000002,173.8501380000001,176.8335880000001,144.44010400000005,0.0,140.87552499999995,178.06222699999998,179.76797500000006,162.48439999999994,174.38603600000005,151.76219299999997,131.435307,168.574738,207.626171,151.78135300000002,149.33908099999985,163.527184,174.88211500000003,17.243637,190.11302700000005,181.1017219999999,185.39406799999995,171.715067,139.14379099999994,163.30087600000004,172.59302200000008,132.548421,198.748668,156.35122599999997,171.944099,160.213913,0.0,138.10292599999997,122.01111700000004,177.38847799999996,181.80633800000007,154.946766,160.316277,170.52789400000006,170.42235500000007,150.97760599999998,151.017085,153.65220899999997,173.23688299999998,148.76701999999983,188.33840700000002,168.84119200000006,168.03062900000003,157.90918000000008,170.95849499999997,143.83983599999996,175.59631500000012,14.919033,158.462722,170.2431960000001,165.31994599999993,147.554377,148.96318299999996,162.08602799999997,180.80740899999998,181.50298199999995,196.30473999999998,174.42954999999995,167.49497300000007,161.43813199999994,182.02753700000002,150.362527,175.45950699999997,128.19813300000004,141.81954999999996,132.91637599999996,189.563529,175.92535099999995,162.31887799999998,188.33840700000002,165.95614199999997,164.99635899999998,149.59619400000003,185.740406,139.55770800000002,14.919033,147.25423199999994,177.34255300000007,145.81028599999996,147.6857319999999,150.1570579999999,157.88359000000005,149.43095499999987,116.33115000000004,145.65646600000005,142.11962500000004,175.32460899999995,143.88312899999985,161.26355399999994,0.0,182.60180500000004,146.71437899999987,177.32036400000004,0.0,186.42100699999997,176.98608799999994,144.654051,172.19013099999995,155.52109099999998,143.77567199999984,168.55864599999992,202.310449,184.27157599999998,181.4378329999999,151.32281400000008,176.86261400000006,181.89728200000008,172.65264100000002,157.064477,167.59858399999996,182.45500099999995,129.16326800000002,144.46737499999992,157.47470999999993,175.50048599999994,157.28081799999998,175.15211900000006,153.647807,170.84156299999998,0.0,168.96243799999996,153.00598699999983
8,16.598247000000004,21.965893,50.75889900000003,26.10185400000001,37.188479,42.820896,23.683002000000002,140.87552499999995,0.0,42.89067599999999,43.60661299999999,27.312849000000003,38.224674,29.44328000000001,20.106097,33.40318699999999,72.45462,15.619990999999995,21.617065999999983,28.355632999999994,39.710563999999984,155.669287,53.951665,44.94035999999998,50.22251699999998,36.543516000000004,19.163480999999994,27.139513999999995,36.43165999999999,8.198135999999998,63.577116999999994,21.179674999999996,36.77254799999999,24.05255099999999,140.78183800000008,4.17297,19.968368,42.21692699999999,46.634786999999996,18.785403999999993,25.14472599999999,34.36653199999999,34.26099299999999,16.629444999999997,14.855722999999996,32.803387,38.065331999999984,26.448106999999993,53.166856000000024,32.67983,32.85907799999999,21.747817999999995,34.79713299999998,18.640114,39.43495299999999,153.34468300000003,23.29117099999998,34.081833999999986,30.148394999999994,10.194418,28.114361000000002,26.914476999999987,45.635858,46.33143099999999,61.13318899999999,39.257999,31.333610999999994,26.266581,46.85598599999999,14.201164999999996,39.298144999999984,15.496729000000002,21.733143,21.188803000000004,54.39197799999999,40.75380000000002,26.157515999999998,53.166856000000024,30.784590999999992,29.824807999999994,19.18079799999999,50.568855,7.468632999999999,153.34468300000003,14.457957999999994,41.181191,7.9843,25.366819000000003,26.69017,21.722227999999994,27.11204199999999,24.435535,10.848628000000001,5.910675000000002,40.153057999999994,15.099374,26.092003000000002,140.78183800000008,46.440443,23.874170999999997,42.148813000000004,140.78183800000008,51.24945600000002,40.82472599999996,6.501879999999999,36.028768999999976,20.349539999999987,21.456758999999998,33.387094999999995,67.138898,49.100025,46.26628199999999,31.20694999999999,40.701252000000004,45.73592,37.48108999999999,20.903115,31.437221999999988,46.29363899999998,16.724153000000005,24.85127700000001,22.30315899999999,39.339123999999984,36.43199599999999,38.99075699999999,17.486444999999993,35.67001199999999,140.78183800000008,33.790887,30.687073999999992
9,28.932166000000002,63.39522800000001,54.24732700000001,67.53118900000003,78.617814,46.309324,43.030883,178.06222699999998,42.89067599999999,0.0,85.63260600000005,21.227184,80.25066700000005,40.369413000000016,48.09041700000003,37.232245999999996,76.28367900000002,57.64598400000007,32.19392499999999,32.184692000000005,43.53962299999999,192.29363400000003,95.97765800000005,86.96635300000011,54.051576,40.372575,38.896637999999996,69.16550700000006,78.45765300000005,48.50275900000002,67.40617599999999,25.935301000000006,9.220744000000002,66.0785440000001,177.40618500000008,44.46476800000004,56.592715000000034,46.045986,50.46384599999999,60.811397000000085,28.973785,76.39252500000008,76.28698600000006,33.138025999999996,56.88171600000006,51.98792299999999,15.583806000000003,42.618385000000025,56.99591500000002,74.70582300000008,36.688137,63.77381100000006,76.8231260000001,37.82464999999999,81.46094600000005,189.96903000000003,29.99973799999999,76.10782700000004,17.510638000000004,34.567335,47.298897,30.743535999999995,2.745182,50.16048999999998,64.96224799999999,4.717971,73.35960400000005,18.992047000000003,50.68504499999998,56.22715800000007,81.3241380000001,52.57660800000005,40.917679,44.56014900000002,58.221036999999995,44.58285900000003,68.18350900000006,56.99591500000002,12.119255,33.653867000000005,32.3833,54.39791399999999,47.71540300000001,189.96903000000003,31.88404999999999,83.20718400000004,38.83142200000002,40.36010799999999,37.150708,63.74822100000007,43.28232000000002,61.05988200000003,52.87462100000005,46.99987400000003,43.98211699999999,34.46019299999998,20.006338,177.40618500000008,88.46643600000003,36.23510699999998,45.977872,177.40618500000008,55.07851500000002,82.85071900000013,41.73962900000002,78.05476200000011,27.058106999999996,38.12645499999997,14.087521,70.96795700000001,6.209349000000001,50.095341,47.37722800000001,82.72724500000005,87.76191300000005,41.310148999999996,62.929108000000056,73.46321500000009,88.31963200000011,53.70011400000004,44.03581299999998,26.132217999999998,81.36511700000011,55.61653199999998,81.01675000000006,59.51243800000007,12.005314000000002,177.40618500000008,37.619946000000006,46.85735200000001
10,58.83736,43.290759,92.99801200000009,27.935506999999998,36.38849100000001,85.06000900000005,65.92211499999999,179.76797500000006,43.60661299999999,85.63260600000005,0.0,68.99568099999998,39.64736400000002,71.12611199999996,59.13009100000002,75.08601900000002,114.13745200000005,30.406585,63.29989799999997,70.03846500000002,81.39339600000004,194.69328099999996,55.374355000000016,34.368583,91.90534900000002,78.22634799999997,60.84631300000003,28.56220400000001,12.447283,47.22213000000001,105.25994900000002,62.86250700000001,78.45537999999996,36.010632,179.80583200000004,43.878758999999995,58.992362,83.89975900000003,88.317619,29.249530000000004,66.827558,35.701974,54.745781999999984,58.312276999999995,35.34051199999999,74.48621899999993,79.74816399999997,68.13093899999998,94.84968799999993,22.643052,74.54190999999999,27.027829,40.12636199999999,60.32294599999999,15.865406999999996,192.36867699999996,64.97400300000001,35.504524,71.83122700000001,51.87724999999999,69.79719299999995,68.59730900000001,87.31868999999996,88.01426299999999,102.81602100000002,80.94083099999996,12.315340000000004,67.94941300000002,88.538818,34.685953999999995,34.140042,54.52072300000002,63.41597499999999,60.21279700000003,96.07481000000003,82.43663200000002,46.642304999999986,94.84968799999993,72.46742299999997,71.50764,60.86363000000001,92.25168699999996,40.620248999999994,192.36867699999996,56.140789999999996,5.657517999999999,49.667131999999995,67.04965099999998,68.373002,23.010530000000003,68.79487399999995,63.459528999999996,36.65999299999999,38.919357,81.83588999999996,56.78220599999998,67.774835,179.80583200000004,4.952577,65.55700299999998,83.831645,179.80583200000004,92.93228799999994,28.809725,48.383571,35.133042,62.032372,63.13959099999999,75.06992699999998,108.82173000000004,90.78285699999996,87.94911400000002,72.88978199999998,42.123942000000014,47.15861000000002,79.163922,41.387903999999985,42.517064,35.721862,55.748147000000024,66.53410899999999,63.98599099999999,38.876096,78.11482799999996,10.892600999999999,37.971233999999995,77.35284399999996,179.80583200000004,75.473719,72.36990599999994
11,13.354339000000003,47.817401000000004,38.669500000000006,51.95336200000002,63.039986999999996,30.731496999999997,27.45305600000001,162.48439999999994,27.312849000000003,21.227184,68.99568099999998,0.0,64.62356700000001,24.742313000000003,32.46331699999999,21.605146,60.656579,42.018884000000014,16.56682500000001,16.557592,27.912522999999997,176.66653399999993,80.350558,71.33925300000004,38.424475999999984,24.745475000000003,23.26953799999999,53.538407,62.830553000000016,32.87565899999999,51.779075999999996,10.308200999999997,15.160039000000001,50.45144400000003,161.77908499999998,28.837667999999987,40.96561499999999,30.418885999999993,34.836746,45.18429700000003,13.346684999999999,60.76542500000001,60.659886,17.510925999999998,41.254616,36.36082300000001,16.452823,26.991285,41.368815000000026,59.07872299999999,21.061037,48.146711,61.196026000000025,22.19755,65.833846,174.34192999999993,14.372638000000002,60.480726999999995,10.029905,18.940234999999998,31.671797,15.116436000000002,24.023349,34.53339,49.33514799999999,17.645490000000002,57.732504000000006,5.949979,35.057945,40.60005800000001,65.69703800000003,36.94950800000001,25.290578999999997,28.93304899999999,42.59393699999999,28.95575899999999,52.556409,41.368815000000026,9.172082,18.026767,16.7562,38.770814,32.08830299999999,174.34192999999993,16.256949999999996,67.58008400000003,23.204321999999987,24.733007999999998,21.523608000000007,48.12112100000002,27.655219999999996,45.43278199999998,37.24752099999999,31.37277399999998,28.355017000000007,18.833092999999995,3.4570260000000017,161.77908499999998,72.83933600000003,20.608006999999997,30.350772000000003,161.77908499999998,39.451415000000026,67.22361900000006,26.112528999999988,62.427662000000026,11.431007,22.499355000000023,13.998418999999998,55.340857,27.487515999999996,34.46824099999999,31.750127999999997,67.100145,72.134813,25.683049,47.302008,57.836115000000035,72.69253200000006,38.073014,28.408713000000006,10.505118000000005,65.73801700000004,39.989432,65.38965000000002,43.88533800000001,14.057503,161.77908499999998,21.992845999999993,31.230252
12,53.455421,37.90882,87.61607300000009,29.343161,48.057094000000006,79.67807000000002,60.540175999999995,174.38603600000005,38.224674,80.25066700000005,39.64736400000002,64.62356700000001,0.0,65.81728799999995,53.82126700000001,69.77719499999998,108.82862800000001,24.37704299999999,57.991073999999955,64.72964099999997,76.084572,189.384457,26.420094999999993,55.35425599999999,86.59652499999999,72.91752399999994,55.53748900000002,11.068085999999996,32.46090999999999,41.913306,99.95112499999999,57.55368299999999,73.14655599999998,34.46644699999998,174.49700800000005,38.56993499999998,53.68353799999999,78.590935,83.00879499999996,29.199299999999983,61.51873399999997,37.13393599999998,49.43695799999998,53.00345299999998,30.031687999999992,69.17739499999995,74.43934,62.82211499999998,89.54086399999991,18.316543999999997,69.23308599999996,16.472559999999994,45.211028999999975,55.01412199999997,25.071667,187.059853,59.66517899999999,6.421863999999995,66.522403,46.56842599999998,64.48836899999998,63.28848499999998,82.00986599999997,82.70543899999997,97.50719699999999,75.63200699999999,27.314949999999996,62.640588999999984,83.22999399999998,29.37712999999999,49.71204099999998,49.21189900000001,58.10715099999997,54.90397300000002,90.76598599999998,77.12780799999999,41.333480999999985,89.54086399999991,67.15859899999998,66.19881599999997,55.55480599999999,86.94286299999995,35.311424999999986,187.059853,50.83196599999998,37.210440999999996,44.35830799999998,61.740826999999946,63.06417799999994,24.65287999999999,63.486049999999985,58.15070499999999,31.351168999999985,33.61053299999998,76.52706599999995,51.473381999999965,62.46601099999997,174.49700800000005,42.469693,60.24817899999997,78.52282099999996,174.49700800000005,87.62346399999991,51.23862199999998,43.07474699999999,46.44266499999997,56.72354799999999,57.83076699999997,69.76110299999995,103.512906,85.47403299999998,82.64028999999998,67.58095799999997,2.476578,18.204349999999998,73.85509799999997,36.07907999999999,41.85111799999998,56.70753499999999,50.439323000000016,61.22528499999996,58.67716699999998,49.75301999999998,72.80600399999997,30.018977000000003,32.66240999999999,72.04401999999999,174.49700800000005,70.16489499999997,67.06108199999997
13,17.954900000000002,49.94783199999998,47.734819000000016,54.08379299999999,65.17041799999996,39.796816,13.934920000000004,151.76219299999997,29.44328000000001,40.369413000000016,71.12611199999996,24.742313000000003,65.81728799999995,0.0,22.490560000000002,31.393555,70.44498800000001,43.88033400000002,8.684689999999998,26.346000999999998,37.700931999999995,166.69377700000004,82.21200800000001,73.20070300000002,48.21288499999999,34.533884000000015,16.25577699999999,55.399857000000004,64.69200300000001,32.353013999999995,61.567485,19.170043,34.76291599999999,52.312894000000036,151.8063280000001,30.69911799999999,30.992858,40.207294999999995,44.62515500000001,47.045747000000034,23.135094,62.62687500000002,62.521336000000005,14.601669000000003,43.116066000000004,21.80886600000001,36.05569999999999,10.264600999999999,51.15722400000003,60.940172999999994,30.849445999999997,50.00816100000001,63.05747600000003,12.902048999999998,67.69529599999998,164.36917300000005,20.92266999999999,62.342177,28.138762999999997,21.132806999999993,16.980808000000003,24.904844999999995,43.626225999999996,44.321799,59.12355699999999,37.24836699999999,59.59395400000001,24.256949000000006,44.846354,42.461508000000016,67.55848800000003,26.976751,12.642669999999992,18.960292,52.382346,38.744168,54.41785900000001,51.15722400000003,28.774959,27.815176,11.881459000000005,48.559223,33.94975299999999,164.36917300000005,18.167728999999998,69.44153400000002,25.06577199999999,4.907523,6.3060030000000005,49.98257100000002,10.928535999999996,35.460025,39.108971,33.234223999999976,38.143426000000005,16.548866,24.082371000000006,151.8063280000001,74.70078600000001,7.0757069999999995,40.139181000000015,151.8063280000001,49.23982400000003,69.08506900000005,27.973978999999993,64.28911200000003,17.981038999999996,8.148005999999997,31.377463000000002,65.129266,47.090393,44.25665,15.023444,68.96159500000002,73.99626300000001,35.471458,49.163458000000006,59.69756500000004,74.55398200000003,28.100256999999992,16.279872999999995,20.293526999999994,67.59946700000003,25.437475000000006,67.25110000000004,45.746788000000016,33.66037999999999,151.8063280000001,31.781254999999998,14.503568000000001
14,20.963489000000003,37.95181100000001,55.45582300000006,42.08777200000004,53.174397000000035,47.517820000000036,15.124335999999998,131.435307,20.106097,48.09041700000003,59.13009100000002,32.46331699999999,53.82126700000001,22.490560000000002,0.0,39.18824699999999,78.23967999999999,31.144202000000014,19.952590000000008,34.140692999999985,45.49562399999998,146.25203299999993,69.47587600000001,60.46457100000003,56.00757699999998,42.32857599999999,9.757299999999997,42.66372500000001,51.95587100000001,11.91127,69.36217699999996,26.964734999999994,42.557608,39.57676200000001,131.364584,17.465775000000004,10.551114,48.001986999999986,52.41984699999999,34.30961500000001,30.92978599999999,49.89074299999999,49.785204,21.591115,30.379934000000006,24.265718000000007,43.85039199999999,19.380528999999996,58.95191600000001,48.204041,38.644137999999984,37.27202900000001,50.321344,14.453344999999999,54.959163999999994,143.92742899999993,29.07623099999998,49.606045,35.933454999999995,18.167885999999992,19.576692,32.699536999999985,51.42091800000001,52.11649099999998,66.91824899999997,45.043059,46.857822,32.051641,52.64104599999998,29.725376000000004,54.822356000000006,6.535006999999999,12.433059000000005,3.529885,60.17703799999999,46.53886000000002,41.681727,58.95191600000001,36.569651,35.609867999999985,20.209702999999998,56.353914999999986,18.920557000000002,143.92742899999993,17.86774099999999,56.70540200000001,23.891260999999975,18.299241000000002,20.770567000000007,37.246439,20.044463999999994,15.018280999999996,25.019315,21.482474,45.93811799999999,14.496637999999992,31.877063,131.364584,61.96465400000001,17.327888,47.93387299999999,131.364584,57.03451600000001,56.348937000000014,24.0169,51.552980000000005,26.134599999999985,14.389181000000002,39.172155000000004,72.92395799999998,54.885085000000004,52.05134199999999,24.13937199999999,56.22546300000001,61.26013100000001,43.26614999999999,36.427326,46.961433000000014,61.81785000000003,7.658513000000002,15.080884000000001,28.088218999999988,54.863335000000006,27.894327000000004,54.51496800000001,33.010656000000004,41.455072,131.364584,39.575947,23.619495999999994
15,19.444677000000002,53.90773899999999,28.44037900000001,58.04370000000001,69.130325,20.502375999999998,33.543394000000006,168.574738,33.40318699999999,37.232245999999996,75.08601900000002,21.605146,69.77719499999998,31.393555,39.18824699999999,0.0,51.02547500000001,48.082639000000036,22.630580000000002,11.701825000000005,18.28141900000001,182.730289,86.41431300000004,77.40300800000006,28.793372000000005,14.651957,29.33329299999999,59.60216200000003,68.89430800000004,38.93941400000001,42.147972,16.917358000000004,31.200447999999998,56.51519900000006,167.84284000000005,34.90142300000001,47.02937000000001,20.787782000000004,24.743227999999995,51.24805200000005,16.887268,66.82918000000005,66.72364100000003,23.574681000000005,47.31837100000003,42.424578000000004,32.493232,33.055040000000005,31.275297000000005,65.14247800000001,11.429933000000002,54.21046600000003,67.25978100000007,28.261305000000007,71.897601,180.405685,18.583977,66.54448200000002,24.576295,25.00399000000001,37.73555200000001,9.528303,40.063758,24.43987200000002,39.704043999999996,33.685899,63.796259000000035,20.694481000000003,24.964427,46.66381300000004,71.76079300000006,43.01326300000003,31.354334000000005,34.996804,32.962832999999996,18.862240999999994,58.620164000000024,31.275297000000005,25.212490999999996,7.933248999999999,22.819955000000004,28.677296000000013,38.152058,180.405685,22.320705,73.64383900000003,29.268076999999998,30.796763000000002,27.58736300000001,54.18487600000004,33.71897500000001,51.496537000000004,43.31127600000002,37.43652899999999,18.261499000000008,24.896847999999995,20.519903000000006,167.84284000000005,78.90309100000002,26.671762,20.257254,167.84284000000005,29.35789700000001,73.28737400000009,32.176284,68.49141700000006,17.494762000000005,28.563110000000012,27.814995000000003,45.709753000000006,43.527925,24.837137000000006,37.813883000000004,73.16390000000004,78.19856800000002,16.051945,53.36576300000003,63.899870000000064,78.75628700000007,44.13676900000002,34.472468000000006,13.138776000000005,71.80177200000007,46.053186999999994,71.45340500000005,49.94909300000004,30.097911999999997,167.84284000000005,11.899327999999997,37.294007
16,58.49611,92.95917200000002,66.28979900000003,97.09513300000005,108.18175800000002,47.45704800000001,72.59482700000002,207.626171,72.45462,76.28367900000002,114.13745200000005,60.656579,108.82862800000001,70.44498800000001,78.23967999999999,51.02547500000001,0.0,87.19336999999999,61.741310999999975,50.812555999999994,38.862492999999986,221.84102,125.525044,116.51373899999999,22.497483999999993,52.497384000000004,68.444024,98.712893,108.005039,78.05014499999999,10.746971000000002,56.02808899999997,70.311179,95.62592999999998,206.95357100000007,74.012154,86.14010100000002,31.15230199999999,62.588654999999996,90.35878300000002,55.99799899999999,105.939911,105.83437200000002,62.685411999999985,86.429102,81.5353089999999,71.60396300000001,72.16577099999998,69.12072400000001,104.253209,40.188542999999996,93.32119699999998,106.37051199999999,67.37203599999998,111.00833199999998,219.516416,57.694708,105.65521299999999,63.68702599999998,64.11472099999997,76.84628299999991,48.89046700000001,79.17448899999998,62.285298999999995,16.388325999999996,72.79663,102.90699,59.80521199999998,62.809853999999994,85.77454399999998,110.871524,82.12399400000001,70.46506499999997,74.107535,18.851546999999997,45.814118000000015,97.73089500000002,69.12072400000001,64.323222,43.83125000000001,61.93068599999998,66.52272299999998,77.26278899999997,219.516416,61.43143599999998,112.75456999999997,68.37880799999998,69.90749399999999,66.69809399999998,93.29560699999999,72.82970599999994,90.607268,82.42200699999997,76.54725999999998,56.106926,64.00757899999998,59.63063399999998,206.95357100000007,118.01382199999998,65.78249299999997,58.102681000000004,206.95357100000007,67.20332400000002,112.39810500000002,71.28701499999998,107.60214799999999,56.605492999999996,67.67384100000001,66.925726,5.315722,82.63865599999998,26.49543899999999,76.92461399999998,112.274631,117.30929899999998,35.87627399999998,92.476494,103.01060099999997,117.867018,83.2475,73.58319900000006,52.249507,110.912503,85.16391799999992,110.564136,89.059824,69.208643,206.95357100000007,48.40942500000003,76.40473799999994
17,30.850738000000003,15.304136999999999,65.01139000000008,13.364266000000002,24.450891000000002,57.073387000000054,37.935493,151.78135300000002,15.619990999999995,57.64598400000007,30.406585,42.018884000000014,24.37704299999999,43.88033400000002,31.144202000000014,48.082639000000036,87.19336999999999,0.0,35.35803599999998,42.09660299999999,53.45153399999998,166.75141900000003,40.11159,31.755608999999996,63.96348699999998,50.28448599999999,32.904450999999995,13.299438999999998,23.246909,19.280268,77.31808699999999,34.92064500000001,50.51351800000002,10.867799999999999,151.86397000000008,15.936896999999995,31.050499999999992,55.95789699999998,60.375756999999986,5.600652999999999,38.88569599999998,21.181780999999994,26.803920000000005,30.370414999999994,7.398650000000002,46.544357,51.80630200000001,40.18907700000001,66.907826,18.839755,46.60004799999998,7.907742999999999,21.612382000000004,32.38108400000001,25.594878000000005,164.42681500000003,37.032141,20.241759000000002,43.889365000000005,23.935387999999996,41.85533100000001,40.655446999999995,59.376828000000025,60.07240099999998,74.87415899999999,52.99896900000002,18.14886,40.00755100000001,60.59695599999998,6.744092000000002,26.113394,26.578860999999996,35.474112999999996,32.270934999999994,68.13294799999998,54.49477000000002,18.700443000000003,66.907826,44.52556100000002,43.56577799999998,32.92176799999998,64.30982499999999,12.678387000000004,164.42681500000003,28.198927999999995,27.996440000000003,21.72526999999999,39.107788999999975,40.43113999999997,8.537477,40.85301200000001,35.517666999999996,8.718131000000001,10.977495,53.894027999999985,28.840343999999995,39.832972999999996,151.86397000000008,33.255691999999996,37.615141,55.88978299999999,151.86397000000008,64.99042600000001,27.639974999999993,20.441708999999996,22.844017999999995,34.090509999999995,35.197729,47.128065000000014,80.879868,62.84099500000003,60.00725199999999,44.947919999999996,26.861176999999994,31.895845,51.222059999999985,13.446042,18.252471,33.10888799999999,27.806284999999992,38.59224699999999,36.04412899999999,26.154373,50.17296599999999,25.806005999999993,10.029372,49.41098200000002,151.86397000000008,47.531856999999995,44.42804400000001
