start_cluster_id,0,1,2,3,4,5,6,7,8,9,10,11,12,13,14,15,16,17,18,19,20,21,22,23,24,25,26,27,28,29,30,31,32,33,34,35,36,37,38,39,40,41,42,43,44,45,46,47,48,49,50,51,52,53,54,55,56,57,58,59,60,61,62,63,64,65,66,67,68,69,70,71,72,73,74,75,76,77,78,79,80,81,82,83,84,85,86,87,88,89,90,91,92,93,94,95,96,97,98,99,100,101,102,103,104,105,106,107,108,109,110,111,112,113,114,115,116,117,118,119,120,121,122,123,124,125,126,127,128,129
0,0.0,37.82999899999999,36.409957000000006,41.81700099999999,52.91943200000001,28.475516999999996,15.754855000000006,58.393136,16.598246000000003,28.931805,58.834863999999996,13.353976000000005,53.452923999999996,17.954900000000002,20.964374,19.477273000000004,58.52826900000001,30.848244000000005,9.778381000000003,14.429718000000001,25.784650000000003,43.418156,69.17965400000001,60.171160000000015,36.296603,22.617602000000005,11.770646999999999,42.36776699999999,51.659911,21.707512,49.651482,7.221165000000001,22.813677,39.28499100000001,54.447806,17.669808000000007,29.466699,28.291013,32.708848,34.017844000000004,11.186216999999997,49.598970999999985,49.50201099999999,6.853365,30.096740999999994,24.895884000000017,24.106461000000003,18.540542000000002,52.087546,47.90808299999998,18.933164000000005,36.976071,50.029573000000006,10.892318000000003,54.66320599999998,53.617245999999994,9.132388000000002,49.315820999999985,16.187354999999997,7.772089,20.206857000000007,13.003787000000003,31.676986999999997,32.405517000000025,47.207274999999996,25.299128,46.56186199999999,12.303181999999998,32.930072,29.42964,54.529242,25.450564999999997,13.825640000000007,17.434105999999996,40.466063999999996,26.827885999999996,41.39853399999999,46.99434600000001,16.82572,15.898894000000004,9.404862,46.053706000000005,20.920157000000003,46.313596000000004,4.792011000000001,56.409442000000006,12.036175000000009,18.096415000000004,14.736195,36.950479,19.204528999999997,33.933866,26.075357999999994,20.204627000000002,26.22714400000001,7.333233000000002,12.133070000000002,59.113986,61.668694,13.820587999999997,28.222899000000005,62.810676,37.32354200000002,56.05507600000001,14.944382000000006,51.259866,6.190626000000002,13.549256000000002,19.426054999999998,53.21254700000001,35.03397299999999,32.340368000000005,23.299436999999998,55.929502,60.96390900000001,23.555176000000003,36.144133,46.66966200000001,61.52443900000002,26.57407099999999,16.936466,8.344649,54.57156400000001,28.524493000000014,54.219008,32.71492,21.711141,54.883736,19.864973,22.779509
1,37.82999899999999,0.0,70.889077,26.291673000000003,37.394104,62.95463700000004,44.18296800000002,87.29296299999997,21.981989000000006,63.41092500000003,43.309536,47.83309600000001,37.92759600000001,49.963587999999994,37.97043400000003,53.956393000000006,93.00738900000002,15.322916000000005,42.130998,48.908838,60.263769999999994,72.31798299999997,53.65432600000002,44.64583200000001,70.775723,57.09672200000001,39.685060000000036,26.842439000000006,36.134583,26.06244600000002,84.130602,41.700285000000015,57.29279700000003,23.759663000000007,83.34763299999997,22.716537000000013,37.832678000000016,62.770133,67.18796800000001,18.492516000000002,45.665337,34.073643000000004,13.670650999999998,37.150328000000016,8.585825999999999,53.323997000000006,58.58558100000002,46.96865500000003,80.98737299999998,32.38275500000001,53.412284,21.450743000000006,34.504245,39.32043100000001,39.13787800000001,82.51707299999997,43.81163000000003,33.790493000000005,50.666475000000005,30.715029000000012,48.63497000000002,47.482907,66.15610700000002,66.884637,81.686395,59.778248000000026,31.036534000000003,46.78230200000001,67.409192,9.785824,39.003913999999995,33.36310000000002,42.25375300000001,39.05514900000002,74.94518400000001,61.30700600000004,5.567174,75.89417299999998,51.30484000000003,50.378014,39.70182500000003,74.95353299999996,19.460565000000013,75.21342299999998,34.97856800000001,40.88411400000001,28.504910000000002,46.524528,47.20513299999999,21.425151000000007,47.63264200000002,42.29984500000001,15.495804000000009,17.75713500000001,60.706264000000004,35.619972000000004,46.61219000000001,88.01381299999997,46.14336600000001,44.39478100000001,62.70201900000001,91.71050299999997,71.80266199999997,40.529748,27.221349000000007,35.73453799999999,40.86986800000002,41.977369,53.905175000000014,87.69166700000001,69.51309300000003,66.81948799999999,51.72755000000001,40.404174000000005,45.43858100000001,58.034296000000005,5.939412,31.144334000000004,45.99911100000001,34.588463000000026,45.36457899999999,42.823769000000006,39.046236,56.952605999999996,38.69368,8.928755,56.19026100000003,83.78356299999997,54.344093000000015,51.207622000000015
2,36.409957000000006,70.889077,0.0,76.00462600000009,87.10705700000007,31.595415000000006,50.23927200000002,90.20859399999999,50.78587100000003,54.273938000000015,93.02248900000009,38.696109000000014,87.64054900000009,47.761791000000024,55.48368000000005,28.440351000000014,66.28933400000003,65.03586900000008,39.585272,28.627429000000006,30.570526999999995,75.23361399999999,103.36727900000007,94.35878500000007,44.05766800000001,14.458660000000004,46.28995300000002,76.5553920000001,85.84753600000008,55.895137000000034,57.41254700000001,33.87306200000002,48.15581000000002,73.47261600000006,86.26326399999999,51.85743300000004,63.986005000000056,36.05207800000001,14.023747999999998,68.20546900000008,33.843146000000004,83.78659600000007,83.68963600000005,40.523891000000006,64.28436600000003,59.38030100000001,49.448594000000014,50.01110700000004,83.903004,82.0957080000001,26.694229000000018,71.16369600000009,84.21719800000007,45.376735000000025,88.85083100000008,85.43270399999999,35.539855,83.50344600000007,41.52948800000001,41.959714000000005,54.69127400000002,26.47320100000001,57.01912000000002,7.091411000000001,54.968340000000005,50.64126100000002,80.74948700000009,37.64531500000001,14.244972,63.61726500000006,88.71686700000006,59.96987100000007,48.31005700000002,51.95341200000004,48.227129000000005,29.947784000000002,75.58615900000005,78.809804,42.167853000000015,23.98252800000001,39.77567800000001,77.86916399999998,55.10778200000002,78.129054,39.27642800000002,90.59706700000007,46.22380000000003,48.38976700000001,44.54308600000001,71.13810400000008,50.67509400000004,68.45317200000005,60.26298300000005,54.392252000000035,13.494888999999999,41.852539000000014,37.47520300000001,90.92944399999999,95.85631900000006,43.62747900000001,9.537799,94.626134,9.223026999999998,90.24270100000007,49.13200700000004,85.44749100000007,34.450485000000015,45.51541000000001,44.768188000000016,60.97361200000002,60.37610600000002,40.101433000000014,54.77000200000002,90.1171270000001,95.15153400000005,31.316241000000016,70.33175800000005,80.85728700000004,95.71206400000007,61.09337700000007,51.420883,30.094499000000006,88.75918900000008,63.00890999999999,88.40663300000008,66.90254500000006,47.053274000000016,86.69919399999999,22.984871000000005,54.25007400000003
3,41.81700099999999,26.291673000000003,76.00462600000009,0.0,28.254376000000004,67.07401300000004,48.30234400000002,91.279965,26.101365000000005,67.53030100000002,27.935506999999998,51.95247200000002,29.343157999999995,54.082964,42.089810000000035,58.075769000000015,97.12676500000005,13.366277000000006,46.25037400000001,53.02821400000001,64.38314600000001,76.30498500000002,45.069888000000006,35.506104000000015,74.89509900000002,61.21609800000002,43.80443600000004,18.258001,20.760553999999996,30.18182200000001,88.24997800000001,45.81966100000003,61.41217300000003,14.619935000000005,87.33463500000002,26.83591300000002,41.95205400000001,66.88950900000003,71.30734400000003,7.858833000000001,49.78471300000002,7.781970000000001,37.71821,41.269704000000026,18.312940000000005,57.44337300000001,62.70495700000002,51.08803100000003,84.97437500000001,17.218474,57.53166000000001,12.866305000000002,25.364517000000006,43.439807000000016,23.97359700000001,86.504075,47.93100600000003,25.206055,54.785851000000015,34.83440500000001,52.75434600000002,51.60228300000001,70.27548300000002,71.00401300000001,85.80577100000002,63.897624000000036,15.662505,50.90167800000002,71.52856800000004,17.64583900000001,29.864186000000004,37.48247600000001,46.37312900000001,43.17452500000002,79.06456000000003,65.42638200000005,29.614733000000005,79.88117500000001,55.42421600000003,54.49739000000002,43.82120100000004,78.94053500000001,23.579941000000005,79.20042500000001,39.09794400000002,25.510085,32.624286000000005,50.643904,51.324509000000006,6.525714,51.75201800000003,46.41922100000001,19.615180000000002,21.876511000000008,64.82564,39.73934800000001,50.73156600000002,92.00081500000002,30.769336999999997,48.51415700000001,66.82139500000002,95.697505,75.92203799999999,31.390020000000007,31.34072500000001,26.594810000000003,44.98924400000003,46.09674500000001,58.02455100000003,91.81104300000004,73.63246900000003,70.93886400000001,55.84692600000001,31.819735999999992,36.854143,62.153672000000014,24.360332000000007,22.004606000000006,36.859383000000015,38.707839000000035,49.483954999999995,46.943145000000015,29.906508000000006,61.071982,23.31965099999999,20.93111900000001,60.30963700000003,87.770565,58.463469000000025,55.326998000000025
4,52.91943200000001,37.394104,87.10705700000007,28.254376000000004,0.0,78.16063899999997,59.38896999999998,102.38239600000006,37.187991000000004,78.61692699999999,36.387685000000005,63.03909799999999,48.05910300000001,65.16958999999997,53.176436000000024,69.16239499999999,108.21339100000002,24.452903000000003,57.336999999999975,64.11483999999999,75.469772,87.40741600000005,63.78583300000002,9.937408000000001,85.981725,72.30272399999994,54.89106200000001,36.973946000000005,42.495598000000015,41.26844800000001,99.336604,56.906287,72.498799,14.278924000000002,98.43706600000004,37.922538999999986,53.03868,77.97613500000001,82.39396999999997,20.465195000000005,60.87133899999998,36.04632200000001,48.804835999999995,52.35632999999999,29.399566,68.52999899999995,73.79158300000002,62.174656999999996,96.07680600000005,39.28156,68.61828599999997,31.58225,3.952826000000001,54.52643299999998,46.036683,97.60650600000005,59.017632000000006,43.922,65.87247699999999,45.92103099999998,63.84097199999998,62.68890899999998,81.362109,82.09063899999997,96.892397,74.98425,37.397549000000005,61.98830399999999,82.61519399999997,28.732465000000005,6.148606,48.56910200000002,57.45975499999998,54.261151000000034,90.151186,76.51300799999999,40.701359,90.98360600000005,66.51084200000001,65.58401599999998,54.907827000000005,90.04296600000005,34.66656699999999,90.30285600000005,50.18456999999999,38.97482600000001,43.710911999999986,61.73052999999997,62.411134999999966,27.786166000000005,62.838643999999995,57.505846999999996,30.701805999999994,32.963136999999996,75.91226599999995,50.825973999999974,61.81819199999999,103.10324600000004,31.435108,59.60078299999998,77.90802099999996,106.79993600000006,87.00866399999992,7.612613,42.427350999999994,4.92748,56.075869999999995,57.18337099999998,69.11117699999997,102.89766900000001,84.719095,82.02548999999999,66.93355199999998,50.53568100000001,55.57008800000002,73.24029799999998,35.446958,6.871143000000001,12.354585,49.794465000000024,60.57058099999996,58.02977099999999,3.9718129999999996,72.15860799999997,45.05469500000002,32.017745000000005,71.396263,98.87299600000006,69.55009499999997,66.41362399999998
5,28.475516999999996,62.95463700000004,31.595415000000006,67.07401300000004,78.16063899999997,0.0,42.301297,82.27415400000004,42.847896,46.335962999999985,85.08451400000004,30.75813399999999,79.70257400000003,39.823816,47.545705000000034,20.502375999999998,47.45661100000001,57.097894000000046,31.647296999999988,20.689453999999987,8.599255999999999,67.29917400000004,95.429304,86.42081000000009,25.224945,17.799524999999996,38.351977999999995,68.61741700000003,77.90956100000002,47.957162000000004,38.57982400000001,25.935086999999996,40.217834999999994,65.53464100000006,78.32882400000003,43.91945800000001,56.04803000000003,17.219355,27.89077099999999,60.26749400000006,25.905170999999996,75.84862100000005,75.75166100000001,32.585916,56.34639100000001,51.44232599999999,41.510618999999984,42.073132000000015,75.96856400000003,74.15773300000005,16.039042000000002,63.225721000000036,76.27922300000009,37.438759999999995,80.91285600000003,77.49826400000003,27.601879999999998,75.565471,33.59151299999999,34.02173899999998,46.753299,18.535225999999994,49.081145,27.587440000000008,36.135616999999996,42.70328599999999,72.81151200000004,29.70733999999999,28.111994999999993,55.67929000000003,80.7788920000001,52.03189600000005,40.37208199999999,44.01543700000002,29.394406,5.990129,67.64818400000001,70.87536400000003,34.22987799999999,16.044552999999997,31.83770299999999,69.93472400000003,47.16980699999999,70.19461400000003,31.338452999999987,82.65909200000002,38.285825,40.45179199999998,36.60511099999998,63.200129000000054,42.73711900000001,60.51519700000003,52.325008000000025,46.45427700000001,21.409067,33.91456399999999,29.537227999999992,82.99500400000002,87.91834400000002,35.68950399999997,23.404821999999992,86.69169400000004,32.505465,82.3047260000001,41.19403200000001,77.50951600000009,26.512509999999992,37.577434999999994,36.83021299999999,42.14088900000001,52.43813099999999,21.268710000000002,46.832027,82.17915200000003,87.21355899999999,12.860672999999998,62.39378300000001,72.91931200000006,87.77408900000009,53.155402000000045,43.48290799999997,22.15652399999999,80.8212140000001,55.07093499999998,80.46865800000003,58.96457000000003,39.11529899999999,78.76475400000004,10.571819999999995,46.312099
6,15.754855000000006,44.18296800000002,50.23927200000002,48.30234400000002,59.38896999999998,42.301297,0.0,46.628788,23.683002000000002,43.030522000000005,65.91962,27.452693000000007,60.537679999999995,13.934618000000004,15.120851999999998,33.575990000000004,72.62698600000002,37.933,11.511182999999996,28.52843500000001,39.883367,31.653808000000005,76.26441,67.25591600000001,50.39532,36.71631900000002,8.886016999999997,49.452522999999985,58.74466700000001,24.983332999999995,63.75019900000001,21.31988200000001,36.912394000000006,46.369747000000025,42.683458,24.754564,23.623176999999995,42.38973,46.80756500000001,41.102600000000024,25.284934000000003,56.683727000000005,56.586766999999966,14.867607,37.181496999999965,9.501357000000002,38.205178,7.457373000000003,40.323198000000005,54.992838999999975,33.031881,44.06082699999999,57.11432900000002,6.642795000000002,61.74796199999998,41.852897999999996,23.431227000000003,56.400576999999984,30.28607200000001,14.435419999999997,4.81233,27.102504000000003,45.77570400000001,46.504234000000004,61.305991999999996,39.39784500000001,53.646618000000004,26.40189900000001,47.028789,36.514395999999984,61.613998000000024,19.607042999999994,4.501596,11.590583999999996,54.564781,40.92660300000003,48.48328999999996,35.22999800000001,30.924437000000005,29.99761100000001,13.486195000000004,34.28935800000001,28.004913000000002,34.549248000000006,12.222888000000005,63.49419800000001,19.120930999999995,10.495558000000003,12.330596000000002,44.03523500000001,7.326717000000001,28.090343999999995,33.160113999999986,27.28938299999999,40.32586100000001,9.774704,26.23178700000001,47.349638,68.75345,8.887917000000002,42.32161600000001,51.046328,51.422259000000025,63.13983200000002,22.029138,58.344622000000015,20.489465000000003,5.948399000000002,33.52477200000001,67.31126400000001,49.13269000000001,46.439085000000006,10.963856000000002,63.01425799999999,68.048665,37.653893000000004,43.22888899999997,53.75441800000003,68.60919500000003,20.730548999999986,8.138799,22.443366,61.65632000000002,13.129966000000003,61.30376400000001,39.799675999999984,35.809858000000006,43.119388,33.96369000000001,11.278776000000002
7,58.393136,87.29296299999997,90.20859399999999,91.279965,102.38239600000006,82.27415400000004,46.628788,0.0,66.06120999999999,82.73044200000001,108.29782800000004,67.152613,102.915888,49.878003,58.92394900000001,73.27591,112.32690600000001,80.31120800000001,50.348033,68.228355,79.58328699999998,20.03227,118.642618,109.63412400000001,90.09523999999999,76.416239,52.689114,91.83073099999999,101.12287500000002,68.78643000000001,103.45011899999997,61.019802,76.61231400000001,88.74795500000003,9.0442,67.13277199999999,67.426274,82.08964999999999,86.507485,83.48080800000002,64.984854,99.061935,98.96497499999998,56.44491500000001,79.55970499999998,52.355103,77.90509800000001,40.140305,30.11002,97.37104699999998,72.73180099999999,86.43903499999999,99.49253700000003,49.335685,104.12616999999997,10.59195,62.77256,98.778785,69.98599200000001,57.56617399999999,47.527046,66.802424,85.47562400000001,86.20415399999999,101.005912,79.09776500000001,96.02482600000002,66.101819,86.72870899999998,78.89260399999999,103.99220600000004,63.410140000000006,49.076058999999994,55.393681,94.264701,80.62652300000003,90.86149799999997,31.221729999999997,70.624357,69.697531,53.52947299999999,24.07618,70.383121,18.56421,54.601096,105.87240600000001,61.499138999999985,46.438942999999995,49.107163,86.41344300000002,41.648899,71.893441,75.538322,69.66759099999997,80.025781,52.982232999999994,65.931707,7.484640000000001,111.13165800000002,46.462173,82.021536,5.20503,91.12217900000002,105.51804000000004,64.40734599999999,100.72283000000004,59.830797999999994,44.581395,73.22469200000002,107.01118399999999,88.83261000000002,86.139005,45.569682,105.39246600000001,110.42687299999997,77.353813,85.60709699999998,96.13262600000003,110.98740300000003,64.53364599999999,52.713262,62.14328599999999,104.03452800000005,55.983712,103.68197200000003,82.17788399999999,75.50977800000001,3.62708,73.66361,35.622194
8,16.598246000000003,21.981989000000006,50.78587100000003,26.101365000000005,37.187991000000004,42.847896,23.683002000000002,66.06120999999999,0.0,42.89031499999999,43.604155999999996,27.312485999999996,38.222216,29.442978000000004,20.114866,33.435782999999994,72.48677900000001,15.617535999999996,21.61038799999999,28.38822799999999,39.74315999999998,51.08622999999999,53.948946000000014,44.94045199999999,50.25511299999998,36.576112,19.164449999999995,27.137058999999997,36.429202999999994,8.206878,63.60999199999999,21.179674999999996,36.77218699999999,24.054282999999995,62.11587999999999,4.181999000000001,19.97711,42.24952299999999,46.66735799999999,18.787135999999997,25.144726999999993,34.368263,34.271303,16.629717999999993,14.866033,32.80338700000001,38.064970999999986,26.448044999999986,59.75561999999999,32.677375000000005,32.891673999999995,21.745362999999998,34.798864999999985,18.799821,39.432498,61.285319999999984,23.291019999999985,34.08511299999999,30.145864999999997,10.194419000000002,28.11436,26.962296999999996,45.635496999999994,46.364026999999986,61.16578499999998,39.25763799999999,31.331153999999994,26.261692,46.888581999999985,14.198932,39.29853399999998,15.507532000000003,21.733143,21.199581000000006,54.424573999999986,40.78639600000002,26.167825999999998,54.66242,30.784229999999994,29.857403999999995,19.181214999999987,53.721779999999995,7.477376,53.981669999999994,14.457957999999994,41.178734000000006,7.9843,26.003918,26.684523000000002,21.719770999999998,27.112031999999985,24.444277,10.84465,5.910713000000001,40.18565399999999,15.099361999999998,26.091579999999997,66.78205999999999,46.437986,23.874170999999997,42.181409,70.47874999999999,51.28205200000001,40.82436799999998,6.501879999999999,36.02915799999998,20.34925799999999,21.456758999999998,33.384565,67.171057,48.99248299999999,46.29887799999999,31.206939999999985,40.698794,45.73320100000001,37.513685999999986,20.913425,31.438953999999992,46.293730999999994,16.732895000000003,24.843969000000012,22.30315899999999,39.34085599999999,36.431996,38.988299999999995,17.484211999999996,35.66965099999999,62.55180999999999,33.823482999999996,30.68701199999999
9,28.931805,63.41092500000003,54.273938000000015,67.53030100000002,78.61692699999999,46.335962999999985,43.030522000000005,82.73044200000001,42.89031499999999,0.0,85.62987700000005,21.227184,80.24793700000004,40.369179,48.09106800000003,37.264608,76.31560400000001,57.643257000000055,32.19265999999999,32.21705299999999,43.571984999999984,67.75546200000001,95.97466700000001,86.9661730000001,54.08393799999999,40.404937,38.89734099999999,69.16278000000004,78.45492400000005,48.50252500000001,67.43881699999999,25.935048000000002,9.220744000000002,66.08000400000009,78.78511200000001,44.46482100000002,56.593393000000034,46.07834799999999,50.49618299999999,60.81285700000008,28.973551999999994,76.39398400000007,76.29702400000002,33.131279,56.89175400000002,51.98768899999998,15.583806000000003,42.61849500000002,76.42485200000002,74.70309600000006,36.72049899999999,63.771084000000045,76.8245860000001,37.98412299999999,81.45821900000004,77.954552,29.99963499999999,76.11083400000001,17.510638000000004,34.56710199999999,47.29866199999999,30.791121999999998,2.745182,50.19285199999999,64.99460999999998,4.717971,73.35687500000004,18.992048000000004,50.71740699999999,56.22465300000004,81.32425500000011,52.57725900000005,40.917444999999994,44.560800000000015,58.25339899999999,44.61522100000003,68.19354700000002,71.33165200000002,12.119255,33.686229000000004,32.38306599999999,70.39101200000002,47.71517000000001,70.650902,31.88381599999999,83.20445500000002,38.83118800000002,40.99715499999999,37.15047399999999,63.74549200000006,43.28248200000001,61.060560000000024,52.870371000000034,46.99964000000002,44.014478999999994,34.45992699999998,20.006278000000002,83.45129200000001,88.46370700000003,36.234866999999966,46.010234,87.14798200000001,55.11087700000001,82.85008900000011,41.739395000000016,78.0548790000001,27.057872999999994,38.122797999999996,14.087521,70.999882,6.102168000000002,50.127703,47.37739,82.72451500000004,87.75892200000001,41.342510999999995,62.93914600000002,73.46467500000007,88.31945200000011,53.70076500000004,44.02827099999997,26.131983999999992,81.3665770000001,55.61629799999997,81.01402100000006,59.50993300000004,12.005314000000002,79.22104200000001,37.652308000000005,46.85746200000001
10,58.834863999999996,43.309536,93.02248900000009,27.935506999999998,36.387685000000005,85.08451400000004,65.91962,108.29782800000004,43.604155999999996,85.62987700000005,0.0,68.99277799999999,39.647371000000014,71.12326999999996,59.13011600000003,75.116075,114.16707100000002,30.406582999999998,63.29067999999998,70.06852,81.42345200000003,93.32284800000004,55.374101000000024,34.3686,91.935405,78.25640399999995,60.844742000000004,28.562214000000008,12.447283,47.22212800000001,105.290284,62.859967,78.45247899999997,36.010631000000004,104.35249800000003,43.87621899999999,58.992360000000005,83.92981500000002,88.34764999999997,29.249529000000003,66.82501899999998,35.701974,54.75851599999998,58.31000999999999,35.353245999999984,74.48367899999992,79.74526299999998,68.12833699999999,101.99223800000003,22.643052,74.57196599999997,27.027829,40.12540699999999,60.48011299999998,15.865406999999996,103.52193800000003,64.971312,35.510268,71.82615700000001,51.874710999999984,69.79465199999996,68.64258899999999,87.31578899999997,88.04431899999997,102.84607700000001,80.93792999999997,12.315340000000004,67.94198399999999,88.56887399999998,34.686145,34.140059,54.52278200000003,63.413434999999986,60.21483100000004,96.10486600000002,82.46668799999999,46.65503899999998,96.89903800000003,72.46452199999997,71.53769599999998,60.861507,95.95839800000003,40.620247000000006,96.21828800000003,56.138249999999985,5.657517999999999,49.66459199999999,67.68420999999996,68.36481500000001,23.010530000000003,68.79232399999995,63.459527,36.65548599999999,38.91681699999999,81.86594599999995,56.77965399999997,67.771872,109.01867800000002,4.952577,65.55446299999997,83.86170099999997,112.71536800000004,92.96234399999994,28.809742,48.38103099999999,35.133059,62.02954999999999,63.13705099999998,75.06485699999998,108.85134900000001,90.67277499999996,87.97917,72.88723199999997,42.12394900000002,47.15835600000002,79.19397799999999,41.40063799999999,42.514669,35.721879,55.74814500000004,66.52426099999997,63.98345099999999,38.876113,78.11228799999995,10.892600999999999,37.971425,77.34994299999997,104.78842800000004,75.50377499999998,72.36730399999995
11,13.353976000000005,47.83309600000001,38.696109000000014,51.95247200000002,63.03909799999999,30.75813399999999,27.452693000000007,67.152613,27.312485999999996,21.227184,68.99277799999999,0.0,64.62082799999999,24.742070000000002,32.463958999999996,21.637499000000002,60.688495,42.016148,16.56555100000001,16.589944,27.944876,52.177633,80.347558,71.33906400000001,38.45682899999999,24.777828000000007,23.270231999999996,53.53567099999999,62.82781500000001,32.87541599999999,51.811707999999996,10.307938999999998,15.160032,50.45289500000003,63.207283,28.83771199999999,40.966284,30.451238999999998,34.869074000000005,45.18574800000002,13.346443,60.766875000000006,60.66991499999997,17.504170000000006,41.264644999999966,36.36058,16.452816,26.991386,60.84702299999999,59.07598699999998,21.093390000000003,48.14397499999999,61.19747700000002,22.357014,65.83110999999997,62.37672299999999,14.372526000000002,60.483724999999986,10.029898,18.939993,31.671553,15.164013,24.023342,34.565743000000005,49.36750099999999,17.645483000000002,57.729766000000005,5.94997,35.090298000000004,40.597543999999985,65.69714600000002,36.950150000000015,25.290336,28.933690999999996,42.62628999999999,28.988111999999994,52.56643799999996,55.753823,9.172075000000001,18.059120000000004,16.755957000000002,54.813182999999995,32.08806099999999,55.073072999999994,16.256707,67.57734600000002,23.204078999999986,25.370046,21.52336500000001,48.11838300000001,27.655372999999997,45.43345099999999,37.24326199999998,31.37253099999998,28.38737000000001,18.832817999999996,3.4569660000000013,67.87346299999999,72.83659800000001,20.607757999999997,30.383125000000007,71.570153,39.483768000000026,67.22298000000002,26.11228599999999,62.42777000000002,11.430764000000002,22.49568900000002,13.998411999999998,55.372773,27.380328,34.500594,31.750280999999994,67.097406,72.131813,25.715402,47.31203699999997,57.83756600000003,72.69234300000002,38.07365600000001,28.40116200000001,10.504875000000006,65.73946800000002,39.98918899999999,65.38691200000001,43.882823999999985,14.057496,63.643212999999996,22.025198999999997,31.230353
12,53.452923999999996,37.92759600000001,87.64054900000009,29.343157999999995,48.05910300000001,79.70257400000003,60.537679999999995,102.915888,38.222216,80.24793700000004,39.647371000000014,64.62082799999999,0.0,65.81444499999995,53.821291000000016,69.80724999999998,108.858246,24.377039999999994,57.98185499999997,64.75969499999997,76.114627,87.94090800000001,26.41983,55.356799999999986,86.62657999999998,72.94757899999993,55.53591699999999,11.068082999999996,32.460916999999995,41.913303,99.98145899999997,57.551141999999984,73.14365399999998,34.47063099999998,98.97055800000001,38.56739399999998,53.683535,78.62098999999999,83.03882499999997,29.203483999999992,61.51619399999998,37.133932999999985,49.449690999999994,53.001184999999985,30.044420999999996,69.17485399999995,74.436438,62.81951199999999,96.610298,18.316540999999997,69.26314099999995,16.472557,45.215212999999984,55.17128799999997,25.071664000000002,98.13999799999999,59.662486999999985,6.427596999999997,66.51733199999998,46.56588599999997,64.48582699999997,63.33376399999997,82.00696399999998,82.73549399999996,97.53725199999998,75.62910499999998,27.314957000000003,62.63315899999998,83.26004899999997,29.37732,49.71488199999998,49.213957000000015,58.10460999999997,54.90600600000003,90.79604099999999,77.15786299999998,41.34621399999999,91.517098,67.15569699999999,66.22887099999997,55.55268199999999,90.576458,35.31142199999999,90.836348,50.82942499999997,37.21044800000001,44.35576699999998,62.37538499999996,63.05598999999996,24.652876999999993,63.48349899999998,58.15070199999999,31.34666099999999,33.607991999999975,76.55712099999994,51.47082899999996,62.463046999999975,103.63673800000001,42.4697,60.24563799999997,78.55287599999996,107.333428,87.65351899999993,51.24071599999998,43.07220599999999,46.44550599999998,56.72072499999999,57.828225999999965,69.75603199999993,103.54252399999999,85.36394999999999,82.67034499999997,67.57840699999998,2.476578,18.204085000000003,73.88515299999996,36.091812999999995,41.85530199999999,56.71007899999999,50.43932000000002,61.21543599999995,58.674625999999975,49.75720399999998,72.80346299999998,30.018974000000004,32.6626,72.04111799999998,99.406488,70.19494999999996,67.05847899999996
13,17.954900000000002,49.963587999999994,47.761791000000024,54.082964,65.16958999999997,39.823816,13.934618000000004,49.878003,29.442978000000004,40.369179,71.12326999999996,24.742070000000002,65.81444499999995,0.0,22.488793000000005,31.426151,70.47714700000002,43.87605200000001,8.684689999999998,26.378596,37.73352799999999,34.903023000000005,82.20746199999999,73.19896800000001,48.24548099999999,34.56648000000001,16.253957999999997,55.395574999999994,64.68771900000002,32.351274000000004,61.60036,19.170043,34.76255499999999,52.312799000000034,45.932673,30.697615999999993,30.991118000000004,40.23989099999999,44.657726000000004,47.04565200000003,23.135094999999996,62.62677900000001,62.529818999999975,14.595156,43.12454899999998,21.808566000000013,36.05533899999998,10.26425,43.572413,60.93589099999999,30.882042,50.003879,63.05738100000003,12.900528999999999,67.69101399999998,45.102112999999996,20.922800999999996,62.34362899999999,28.136233000000004,21.131017999999997,16.980509000000005,24.952664999999996,43.625865,44.354395,59.15615299999999,37.248006,59.58967000000001,24.252060000000004,44.878949999999996,42.457448,67.55705000000003,26.974984000000003,12.640902999999993,18.958525,52.414941999999996,38.776764,54.42634199999998,38.479213,28.774597999999997,27.847772,11.881459000000005,37.538573,33.94796499999999,37.798463,18.16594,69.43725000000002,25.063982999999993,5.01377,6.3060030000000005,49.978287000000016,10.928236999999998,35.458285000000004,39.10316599999999,33.232434999999974,38.176022,16.547077,24.081948000000004,50.598853,74.69650200000001,7.075705,40.171777000000006,54.295543,49.27242000000002,69.08288400000002,27.972189999999994,64.28767400000002,17.981038999999996,8.146238999999998,31.37493300000001,65.16142500000001,46.982851,44.289246,15.023145000000001,68.95731,73.991717,35.504054,49.171940999999975,59.69747000000004,74.55224700000002,28.098489999999995,16.278105999999998,20.293526999999994,67.59937200000003,25.43717500000001,67.24681600000004,45.74272799999999,33.66001899999999,46.368603,31.813851,14.503217000000003
14,20.964374,37.97043400000003,55.48368000000005,42.089810000000035,53.176436000000024,47.545705000000034,15.120851999999998,58.92394900000001,20.114866,48.09106800000003,59.13011600000003,32.463958999999996,53.821291000000016,22.488793000000005,0.0,39.219715999999984,78.27071199999999,31.144230000000015,19.951965000000012,34.17216099999998,45.52709299999998,43.948969000000005,69.47564000000003,60.46714600000002,56.03904599999998,42.36004499999999,9.757247999999997,42.66375300000001,51.95589700000001,11.911297000000001,69.39392499999995,26.963607999999994,42.55612,39.58097700000001,54.97861900000001,17.465802000000007,10.551141000000001,48.03345599999999,52.45129099999998,34.31383000000001,30.92865999999999,49.89495699999999,49.797996999999995,21.589403999999995,30.392727000000004,24.26190000000001,43.848904,19.380467,52.618359000000005,48.204069,38.675606999999985,37.27205700000001,50.325559000000005,14.582376000000002,54.959191999999994,54.148059,29.074952999999983,49.611807,35.929798,18.166519999999988,19.572873000000005,32.74622999999999,51.419430000000006,52.147959999999976,66.94971799999998,45.041571000000005,46.857848,32.045624999999994,52.672514999999976,29.72562600000001,54.82522800000001,6.535006999999999,12.433059000000005,3.529885,60.20850699999998,46.57032900000002,41.69452,47.52515900000001,36.568163,35.641336999999986,20.207991999999994,46.584519,18.920585,46.844409,17.86661399999999,56.705428000000005,23.890671999999977,18.93634000000001,20.77137800000001,37.246465,20.044453999999998,15.018308,25.017311,21.482501,45.96958699999998,14.49507099999999,31.875512999999994,59.644799000000006,61.96468000000001,17.328699000000004,47.96534199999999,63.34148900000001,57.065985,56.35106200000001,24.015838000000002,51.55585200000001,26.133190999999986,14.389181000000002,39.16849800000001,72.95498999999998,54.776416000000005,52.082810999999985,24.139362,56.22548800000001,61.25989500000002,43.29761899999998,36.440118999999996,46.965648000000016,61.82042500000002,7.658513000000002,15.078049000000004,28.087091999999988,54.86755000000001,27.89050900000001,54.51499400000001,33.01090600000001,41.453584,55.41454900000001,39.607416,23.619434000000002
15,19.477273000000004,53.956393000000006,28.440351000000014,58.075769000000015,69.16239499999999,20.502375999999998,33.575990000000004,73.27591,33.435782999999994,37.264608,75.116075,21.637499000000002,69.80724999999998,31.426151,39.219715999999984,0.0,51.02503800000001,48.10714600000003,22.656549000000002,11.698706,18.28141900000001,58.300929999999994,86.438556,77.43006200000005,28.793372000000005,14.651957,29.361229999999992,59.626669000000014,68.91881300000004,38.966414000000015,42.148251,16.944339,31.227086999999994,56.543893000000054,69.33058,34.92871,47.057282000000015,20.787782000000004,24.743202999999998,51.27674600000005,16.914423,66.85787300000004,66.760913,23.59516800000001,47.35564299999999,42.45157799999999,32.519870999999995,33.082384,66.97032,65.16698500000001,11.429933000000002,54.23497300000002,67.28847500000006,28.448012000000002,71.922108,68.50001999999999,18.611132,66.57472299999999,24.600765,25.030991000000007,37.76255100000001,9.544478000000003,40.090396999999996,24.43987200000002,39.704043999999996,33.712537999999995,63.82076400000003,20.716592000000002,24.964427,46.68854200000001,71.78814400000006,43.04114800000003,31.381334000000003,35.024688999999995,32.962832999999996,18.862240999999994,58.657436,61.877120000000005,25.239129999999992,7.933248999999999,22.846955000000005,60.936479999999996,38.179059,61.196369999999995,22.347704999999998,73.66834400000003,29.295076999999996,31.461044,27.61436300000001,54.209381000000036,33.746370999999996,51.52444900000001,43.33426000000001,37.463528999999994,18.261499000000008,24.92381599999999,20.54648,73.99676,78.92759600000002,26.698756,20.257254,77.69345,29.35789700000001,73.31397800000006,32.203284,68.51876800000005,17.521762000000003,28.586687000000012,27.839465000000004,45.70931600000001,43.447382999999995,24.837137000000006,37.84127899999999,73.18840400000003,78.22281100000001,16.051945,53.403034999999996,63.92856400000006,78.78334100000006,44.16465400000003,34.49216000000001,13.165776000000003,71.83046600000007,46.08018699999998,71.47791000000005,49.97382200000001,30.124550999999993,69.76651,11.899327999999997,37.32135099999999
16,58.52826900000001,93.00738900000002,66.28933400000003,97.12676500000005,108.21339100000002,47.45661100000001,72.62698600000002,112.32690600000001,72.48677900000001,76.31560400000001,114.16707100000002,60.688495,108.858246,70.47714700000002,78.27071199999999,51.02503800000001,0.0,87.21743999999998,61.76684299999998,50.809000000000005,38.86205599999999,97.351926,125.54884999999997,116.54035599999999,22.497046999999995,52.496947000000006,68.47152400000002,98.736963,108.02910699999998,78.076708,10.746971000000002,56.05463299999998,70.337381,95.65418699999998,108.381576,74.03900399999999,86.16757600000003,31.151864999999994,62.588193,90.38704000000001,56.024717,105.96816700000001,105.87120700000004,62.705461999999976,86.46593700000003,81.5618719999999,71.630165,72.19267799999999,106.021316,104.27727900000001,40.188106,93.34526699999999,106.39876899999999,67.558306,111.03240199999999,107.551016,57.72142600000001,105.68501699999997,63.711058999999985,64.14128499999998,76.87284499999993,48.906205,79.20069099999999,62.284862,16.387888999999998,72.82283199999999,102.931058,59.826885999999995,62.809416999999996,85.798836,110.898438,82.15144200000003,70.49162799999998,74.13498300000002,18.85111,45.81368100000002,97.76773000000004,100.928116,64.349424,43.83081300000001,61.95724899999999,99.987476,77.28935299999999,100.247366,61.45799899999999,112.77863799999997,68.40537099999999,70.571338,66.724657,93.31967499999999,72.85666499999995,90.63474300000003,82.44455399999998,76.57382299999999,56.106489,64.03410999999998,59.65677399999999,113.04775599999999,118.03788999999998,65.80904999999997,58.102244000000006,116.74444600000001,67.20288700000002,112.424272,71.31357799999999,107.62906199999999,56.632056000000006,67.69698099999998,66.94975899999999,5.315722,82.557677,26.495001999999992,76.95157299999997,112.298698,117.33310499999996,35.87583699999998,92.51332900000003,103.03885799999996,117.89363499999999,83.27494800000002,73.60245400000008,52.276070000000004,110.94076,85.19048099999992,110.588204,89.08411600000002,69.234845,108.81750600000001,48.40898800000003,76.43164499999995
17,30.848244000000005,15.322916000000005,65.03586900000008,13.366277000000006,24.452903000000003,57.097894000000046,37.933,80.31120800000001,15.617535999999996,57.643257000000055,30.406582999999998,42.016148,24.377039999999994,43.87605200000001,31.144230000000015,48.10714600000003,87.21743999999998,0.0,35.34881999999998,42.12665999999999,53.481591999999985,65.336228,40.11132599999999,31.758156000000007,63.99354499999998,50.314544,32.902882000000005,13.299438999999998,23.246907,19.280268,77.34842399999998,34.918107000000006,50.51061900000001,10.871986999999999,76.36587800000001,15.934358999999995,31.050499999999992,55.987954999999985,60.40578999999999,5.604839999999999,38.883158999999985,21.185966999999998,26.816656000000002,30.368149999999993,7.411386,46.54181899999999,51.803403,40.18647700000002,74.00561800000001,18.839755,46.630105999999984,7.907742999999999,21.616569000000002,32.538253000000005,25.594878000000005,75.535318,37.029452,20.247493,43.884297,23.932851,41.852792,40.70072899999998,59.37392900000002,60.10245899999998,74.90421699999999,52.99607000000002,18.148858,40.00012400000001,60.62701399999998,6.744285,26.116238000000003,26.580921999999994,35.471574999999994,32.27297099999999,68.163006,54.52482800000002,18.713179,68.91241800000002,44.52266200000001,43.59583599999999,32.91964699999999,67.971778,12.678387000000004,68.23166800000001,28.196389999999997,27.996438,21.72273199999999,39.742349999999995,40.42295499999997,8.537475,40.85046400000002,35.517666999999996,8.713626,10.974956999999998,53.92408599999999,28.837793999999995,39.830012,81.032058,33.255689999999994,37.612603,55.91984099999999,84.72874800000001,65.02048400000001,27.642072000000002,20.439170999999995,22.846861999999998,34.087689999999995,35.195191,47.12299700000001,80.90948900000001,62.73091500000002,60.03730999999999,44.945372000000006,26.86117399999999,31.895581,51.25211799999999,13.458777999999999,18.256657999999998,33.11143500000001,27.80628499999999,38.58240099999999,36.04159099999999,26.15856,50.17042799999998,25.806003999999994,10.029564999999998,49.40808300000001,76.80180800000001,47.561915,44.42544400000002
